-0.85034 0.0422333
-0.84934 0.0397287
-0.84834 0.0452373
-0.84734 0.0455293
-0.84634 0.0398293
-0.84534 0.0363267
-0.84434 0.03725
-0.84334 0.042796
-0.84234 0.0371753
-0.84134 0.0321013
-0.84034 0.025202
-0.83934 0.0281367
-0.83834 0.0279727
-0.83734 0.0295753
-0.83634 0.030414
-0.83534 0.0315393
-0.83434 0.036852
-0.83334 0.0379133
-0.83234 0.0356987
-0.83134 0.0294073
-0.83034 0.0211573
-0.82934 0.01914
-0.82834 0.0194873
-0.82734 0.0159173
-0.82634 0.016878
-0.82534 0.0144607
-0.82434 0.0144393
-0.82334 0.019156
-0.82234 0.0232067
-0.82134 0.0190173
-0.82034 0.0276087
-0.81934 0.01874
-0.81834 0.014348
-0.81734 0.0256667
-0.81634 0.0251913
-0.81534 0.0229987
-0.81434 0.01533
-0.81334 0.0268513
-0.81234 0.029338
-0.81134 0.027118
-0.81034 0.0315153
-0.80934 0.0348393
-0.80834 0.035384
-0.80734 0.039082
-0.80634 0.0359813
-0.80534 0.036414
-0.80434 0.0426733
-0.80334 0.045736
-0.80234 0.046478
-0.80134 0.0457627
-0.80034 0.044984
-0.79934 0.0480147
-0.79834 0.0510887
-0.79734 0.0546853
-0.79634 0.0580953
-0.79534 0.0610727
-0.79334 0.062108
-0.79234 0.0593813
-0.79134 0.0592107
-0.79034 0.0537247
-0.78934 0.060838
-0.78834 0.0585007
-0.78734 0.0556673
-0.78634 0.057124
-0.78534 0.0540607
-0.78434 0.0503413
-0.78334 0.0519053
-0.78234 0.0511847
-0.78134 0.0549147
-0.78034 0.0589007
-0.77934 0.058778
-0.77834 0.0583727
-0.77734 0.0557687
-0.77634 0.0537033
-0.77534 0.055582
-0.77434 0.059296
-0.77334 0.0588847
-0.77134 0.0518513
-0.77034 0.053084
-0.76934 0.0523213
-0.76834 0.0478333
-0.76634 0.056494
-0.76534 0.0586767
-0.76434 0.05881
-0.76334 0.063954
-0.76234 0.06746
-0.76134 0.0674387
-0.76034 0.0695627
-0.75934 0.0641573
-0.75834 0.0639913
-0.75634 0.0597547
-0.75534 0.0569907
-0.75434 0.058714
-0.75334 0.0444927
-0.75234 0.045918
-0.75134 0.0474813
-0.75034 0.047316
-0.74934 0.0539647
-0.74834 0.0604807
-0.74734 0.0599947
-0.74634 0.0576573
-0.74534 0.0635967
-0.74434 0.0567987
-0.74334 0.052908
-0.74234 0.053218
-0.74134 0.049984
-0.74034 0.0572413
-0.73934 0.05889
-0.73834 0.06127
-0.73734 0.059488
-0.73634 0.0685593
-0.73534 0.070598
-0.73434 0.074712
-0.73334 0.0743547
-0.73134 0.0712707
-0.73034 0.0758113
-0.72934 0.0712813
-0.72834 0.07079
-0.72734 0.07317
-0.72634 0.0662273
-0.72534 0.0702353
-0.72434 0.0683673
-0.72334 0.068106
-0.72234 0.063906
-0.72134 0.0653793
-0.72034 0.0670493
-0.71934 0.0648187
-0.71834 0.071756
-0.71734 0.0717347
-0.71634 0.076756
-0.71534 0.0806513
-0.71434 0.0835493
-0.71334 0.08531
-0.71234 0.0849687
-0.71134 0.0823647
-0.71034 0.0878287
-0.70934 0.084686
-0.70834 0.0853313
-0.70734 0.0833407
-0.70634 0.0769693
-0.70534 0.0810467
-0.70434 0.0767133
-0.70334 0.0739547
-0.70234 0.0763293
-0.70134 0.0802567
-0.70034 0.0826367
-0.69934 0.0811
-0.69834 0.0746693
-0.69734 0.0760887
-0.69634 0.072642
-0.69534 0.0753313
-0.69434 0.0758433
-0.69234 0.0715853
-0.69134 0.0845847
-0.69034 0.0852513
-0.68934 0.089526
-0.68834 0.08983
-0.68734 0.089088
-0.68634 0.08555
-0.68534 0.0902993
-0.68434 0.0921673
-0.68334 0.0911427
-0.68234 0.0895527
-0.68134 0.09443
-0.68034 0.093352
-0.67934 0.095924
-0.67834 0.105183
-0.67734 0.105636
-0.67634 0.109318
-0.67534 0.10951
-0.67434 0.100049
-0.67334 0.092066
-0.67234 0.0952513
-0.67134 0.0946593
-0.67034 0.080374
-0.66934 0.0752193
-0.66834 0.0762707
-0.66734 0.075022
-0.66634 0.0732233
-0.66534 0.074488
-0.66434 0.0807367
-0.66334 0.0852407
-0.66134 0.072962
-0.66034 0.0778873
-0.65934 0.0840187
-0.65834 0.0831913
-0.65734 0.0699147
-0.65634 0.0668093
-0.65534 0.06206
-0.65434 0.062588
-0.65334 0.0594613
-0.65234 0.0528387
-0.65134 0.047076
-0.65034 0.0544613
-0.64934 0.0676793
-0.64834 0.0676367
-0.64734 0.0628073
-0.64634 0.0649893
-0.64534 0.071964
-0.64434 0.0679407
-0.64334 0.0659393
-0.64234 0.0696853
-0.64134 0.0616493
-0.64034 0.064904
-0.63934 0.0793867
-0.63834 0.0766813
-0.63734 0.081868
-0.63534 0.076788
-0.63434 0.0816867
-0.63334 0.0727113
-0.63234 0.07357
-0.63134 0.0756513
-0.63034 0.0675453
-0.62934 0.0564193
-0.62834 0.04929
-0.62734 0.049824
-0.62634 0.053282
-0.62534 0.067428
-0.62434 0.0618733
-0.62334 0.057892
-0.62234 0.07007
-0.62134 0.0735807
-0.62034 0.0735007
-0.61934 0.073362
-0.61834 0.0813133
-0.61734 0.0790453
-0.61634 0.0750487
-0.61534 0.0799953
-0.61434 0.0828393
-0.61334 0.08269
-0.61234 0.081292
-0.61134 0.0782393
-0.61034 0.0717453
-0.60934 0.074958
-0.60834 0.0725353
-0.60734 0.0731913
-0.60634 0.0820173
-0.60534 0.0884747
-0.60434 0.0889973
-0.60334 0.092098
-0.60234 0.08967
-0.60134 0.0893227
-0.60034 0.0865267
-0.59934 0.086964
-0.59834 0.0856033
-0.59734 0.090134
-0.59634 0.0913293
-0.59534 0.092194
-0.59434 0.0920767
-0.59334 0.09761
-0.59134 0.097952
-0.59034 0.0937467
-0.58934 0.0887627
-0.58834 0.0928073
-0.58734 0.0931227
-0.58634 0.0998727
-0.58534 0.102888
-0.58434 0.101826
-0.58334 0.104051
-0.58234 0.103667
-0.58134 0.102727
-0.58034 0.107546
-0.57934 0.102215
-0.57834 0.10054
-0.57734 0.105054
-0.57634 0.111293
-0.57534 0.112616
-0.57434 0.114563
-0.57334 0.111938
-0.57234 0.111357
-0.57134 0.115156
-0.57034 0.123374
-0.56934 0.124446
-0.56834 0.123347
-0.56734 0.123854
-0.56634 0.124478
-0.56534 0.123475
-0.56434 0.129847
-0.56334 0.130701
-0.56234 0.13204
-0.56134 0.130001
-0.56034 0.132845
-0.55934 0.134115
-0.55834 0.133491
-0.55734 0.141127
-0.55634 0.141859
-0.55534 0.142312
-0.55434 0.144244
-0.55334 0.139351
-0.55234 0.1391
-0.55134 0.138715
-0.55034 0.135401
-0.54934 0.134569
-0.54834 0.132403
-0.54734 0.14037
-0.54634 0.143785
-0.54534 0.145103
-0.54434 0.14022
-0.54334 0.140562
-0.54234 0.142125
-0.54134 0.147867
-0.54034 0.150114
-0.53934 0.153721
-0.53834 0.156171
-0.53734 0.154436
-0.53634 0.154773
-0.53534 0.15513
-0.53334 0.152011
-0.53234 0.141447
-0.53134 0.14243
-0.53034 0.148449
-0.52934 0.148129
-0.52834 0.146275
-0.52734 0.152257
-0.52634 0.15544
-0.52534 0.15395
-0.52434 0.151894
-0.52334 0.153833
-0.52234 0.155232
-0.52134 0.154372
-0.52034 0.1545
-0.51934 0.161117
-0.51834 0.163035
-0.51734 0.162751
-0.51634 0.164755
-0.51534 0.164258
-0.51434 0.161417
-0.51334 0.156215
-0.51134 0.160509
-0.51034 0.167371
-0.50934 0.166768
-0.50834 0.16421
-0.50534 0.164968
-0.50434 0.165379
-0.50334 0.159867
-0.50234 0.161566
-0.50134 0.161107
-0.50034 0.162811
-0.49934 0.167665
-0.49834 0.170405
-0.49634 0.172173
-0.49534 0.17181
-0.49434 0.171195
-0.49334 0.171035
-0.49234 0.165144
-0.49134 0.16892
-0.49034 0.174785
-0.48934 0.166837
-0.48834 0.165801
-0.48734 0.166052
-0.48634 0.168221
-0.48534 0.174779
-0.48434 0.178245
-0.48334 0.176899
-0.48234 0.177449
-0.48134 0.177754
-0.48034 0.177791
-0.47934 0.175842
-0.47834 0.172055
-0.47734 0.17017
-0.47634 0.17699
-0.47534 0.182791
-0.47434 0.184334
-0.47334 0.184505
-0.47134 0.185776
-0.47034 0.182561
-0.46934 0.179068
-0.46834 0.176499
-0.46734 0.175484
-0.46634 0.147749
-0.46534 0.151242
-0.46434 0.148956
-0.46334 0.14094
-0.46234 0.136694
-0.46134 0.147173
-0.46034 0.146163
-0.45934 0.150713
-0.45834 0.151755
-0.45734 0.154575
-0.45634 0.138397
-0.45534 0.142227
-0.45434 0.143979
-0.45334 0.140694
-0.45234 0.148411
-0.45134 0.15254
-0.45034 0.163168
-0.44934 0.164076
-0.44834 0.165401
-0.44734 0.164605
-0.44634 0.159819
-0.44534 0.153357
-0.44434 0.156583
-0.44334 0.156957
-0.44234 0.15882
-0.44134 0.167353
-0.44034 0.16867
-0.43934 0.17068
-0.43734 0.171276
-0.43634 0.17159
-0.43534 0.165641
-0.43434 0.170197
-0.43334 0.174142
-0.43234 0.181364
-0.43134 0.184869
-0.43034 0.186923
-0.42934 0.187242
-0.42834 0.197465
-0.42734 0.194627
-0.42634 0.196929
-0.42534 0.205993
-0.42434 0.207033
-0.42334 0.208063
-0.42234 0.204194
-0.42134 0.209076
-0.42034 0.214125
-0.41934 0.216092
-0.41834 0.217641
-0.41734 0.220865
-0.41634 0.220605
-0.41534 0.224191
-0.41434 0.214342
-0.41334 0.221748
-0.41234 0.223119
-0.41134 0.225589
-0.41034 0.232502
-0.40934 0.231781
-0.40834 0.237102
-0.40734 0.236192
-0.40634 0.235997
-0.40534 0.235043
-0.40434 0.229409
-0.40334 0.233819
-0.40134 0.234756
-0.40034 0.242205
-0.39934 0.241843
-0.39834 0.244541
-0.39734 0.245088
-0.39634 0.239697
-0.39534 0.231045
-0.39434 0.217782
-0.39334 0.228293
-0.39234 0.228331
-0.39134 0.219667
-0.39034 0.232157
-0.38934 0.236915
-0.38834 0.242632
-0.38734 0.240865
-0.38634 0.242361
-0.38534 0.232628
-0.38434 0.236389
-0.38334 0.224017
-0.38234 0.22347
-0.38134 0.222511
-0.38034 0.228515
-0.37934 0.228152
-0.37834 0.227241
-0.37734 0.235695
-0.37634 0.238487
-0.37434 0.237723
-0.37334 0.240779
-0.37234 0.243331
-0.37134 0.233447
-0.37034 0.238525
-0.36934 0.257449
-0.36834 0.260483
-0.36734 0.263399
-0.36634 0.26477
-0.36534 0.261215
-0.36434 0.266694
-0.36334 0.256739
-0.36234 0.262895
-0.36134 0.247797
-0.36034 0.252338
-0.35934 0.231571
-0.35834 0.217698
-0.35734 0.223887
-0.35634 0.214133
-0.35534 0.224158
-0.35434 0.230889
-0.35334 0.212127
-0.35234 0.231252
-0.35134 0.23362
-0.35034 0.243857
-0.34934 0.218045
-0.34834 0.215969
-0.34734 0.215769
-0.34634 0.201928
-0.34534 0.190765
-0.34434 0.189719
-0.34334 0.205272
-0.34234 0.20809
-0.34134 0.206057
-0.34034 0.215742
-0.33934 0.215725
-0.33834 0.225258
-0.33734 0.221475
-0.33634 0.20279
-0.33534 0.219286
-0.33434 0.215915
-0.33334 0.223849
-0.33134 0.229924
-0.33034 0.220365
-0.32934 0.224223
-0.32834 0.207559
-0.32734 0.208523
-0.32634 0.220559
-0.32534 0.219443
-0.32434 0.228325
-0.32334 0.229501
-0.32234 0.226895
-0.32134 0.249293
-0.32034 0.254371
-0.31934 0.251113
-0.31834 0.254679
-0.31734 0.250604
-0.31634 0.25191
-0.31534 0.258543
-0.31434 0.260863
-0.31334 0.259709
-0.31234 0.272503
-0.31134 0.269821
-0.31034 0.264537
-0.30934 0.264954
-0.30834 0.271067
-0.30734 0.269582
-0.30634 0.277635
-0.30534 0.271913
-0.30434 0.267675
-0.30334 0.272872
-0.30234 0.265653
-0.30134 0.260863
-0.30034 0.259503
-0.29934 0.259264
-0.29834 0.234801
-0.29734 0.237798
-0.29634 0.245082
-0.29534 0.245017
-0.29434 0.244795
-0.29334 0.25378
-0.29234 0.258017
-0.29134 0.252831
-0.29034 0.262001
-0.28934 0.237858
-0.28834 0.239673
-0.28734 0.236227
-0.28634 0.244063
-0.28534 0.220001
-0.28434 0.217753
-0.28334 0.202849
-0.28234 0.19917
-0.28134 0.220473
-0.28034 0.215401
-0.27934 0.207337
-0.27834 0.211786
-0.27734 0.197229
-0.27634 0.200676
-0.27534 0.186603
-0.27334 0.198725
-0.27234 0.182896
-0.27134 0.197229
-0.27034 0.219297
-0.26934 0.220782
-0.26834 0.224781
-0.26734 0.220971
-0.26634 0.216582
-0.26534 0.229664
-0.26434 0.241326
-0.26334 0.241705
-0.26234 0.248469
-0.26134 0.228851
-0.26034 0.231593
-0.25934 0.234531
-0.25834 0.222657
-0.25734 0.211147
-0.25634 0.215498
-0.25534 0.213818
-0.25434 0.216376
-0.25334 0.230043
-0.25234 0.236622
-0.25034 0.236779
-0.24934 0.223974
-0.24834 0.224391
-0.24734 0.217655
-0.24534 0.202931
-0.24434 0.203781
-0.24334 0.186679
-0.24234 0.188499
-0.24134 0.172605
-0.24034 0.182354
-0.23934 0.190206
-0.23834 0.173753
-0.23734 0.18521
-0.23634 0.166741
-0.23534 0.164411
-0.23434 0.143947
-0.23334 0.139953
-0.23134 0.131413
-0.23034 0.151345
-0.22934 0.158574
-0.22834 0.147145
-0.22734 0.158926
-0.22634 0.165353
-0.22534 0.162855
-0.22434 0.176691
-0.22334 0.182879
-0.22234 0.175677
-0.22134 0.151009
-0.22034 0.146673
-0.21934 0.1498
-0.21834 0.145475
-0.21734 0.149334
-0.21634 0.158227
-0.21534 0.170149
-0.21434 0.158465
-0.21334 0.156547
-0.21134 0.155815
-0.21034 0.161817
-0.20934 0.152287
-0.20834 0.158735
-0.20734 0.171348
-0.20634 0.178995
-0.20534 0.179619
-0.20434 0.172145
-0.20334 0.151093
-0.20234 0.150593
-0.20134 0.147587
-0.20034 0.150333
-0.19934 0.136026
-0.19834 0.126246
-0.19734 0.11601
-0.19634 0.143787
-0.19534 0.140683
-0.19434 0.143049
-0.19334 0.130073
-0.19234 0.131483
-0.19134 0.159511
-0.19034 0.139977
-0.18934 0.157421
-0.18734 0.169909
-0.18634 0.16884
-0.18534 0.161524
-0.18434 0.153497
-0.18334 0.14776
-0.18234 0.150859
-0.18134 0.176957
-0.18034 0.173722
-0.17934 0.175069
-0.17834 0.173961
-0.17734 0.174162
-0.17634 0.171763
-0.17534 0.168484
-0.17434 0.172132
-0.17334 0.155028
-0.17234 0.153471
-0.17134 0.157498
-0.17034 0.174618
-0.16934 0.174699
-0.16834 0.189957
-0.16734 0.188335
-0.16634 0.181349
-0.16534 0.184215
-0.16434 0.18993
-0.16334 0.192791
-0.16234 0.19145
-0.16134 0.188796
-0.16034 0.188009
-0.15934 0.200667
-0.15834 0.20388
-0.15734 0.197969
-0.15634 0.201389
-0.15534 0.187623
-0.15434 0.191119
-0.15334 0.183059
-0.15234 0.191754
-0.15134 0.188812
-0.15034 0.193225
-0.14934 0.199511
-0.14834 0.19912
-0.14734 0.201877
-0.14634 0.188579
-0.14534 0.173413
-0.14434 0.175041
-0.14334 0.165309
-0.14134 0.16989
-0.14034 0.172935
-0.13934 0.176415
-0.13834 0.175888
-0.13734 0.166921
-0.13634 0.16019
-0.13534 0.159365
-0.13434 0.17363
-0.13334 0.147321
-0.13234 0.152021
-0.13134 0.152651
-0.13034 0.138918
-0.12934 0.142772
-0.12834 0.153823
-0.12734 0.151272
-0.12634 0.14402
-0.12534 0.135271
-0.12434 0.137539
-0.12334 0.122846
-0.12234 0.122824
-0.12134 0.120495
-0.12034 0.120789
-0.11934 0.0968947
-0.11834 0.0897673
-0.11734 0.0900007
-0.11634 0.0921507
-0.11534 0.081034
-0.11434 0.0859027
-0.11234 0.0821307
-0.11134 0.0922807
-0.11034 0.076496
-0.10934 0.0819347
-0.10834 0.0733693
-0.10734 0.070346
-0.10634 0.0641693
-0.10534 0.0826187
-0.10434 0.096444
-0.10334 0.0997713
-0.10234 0.0978227
-0.10134 0.106833
-0.10034 0.108825
-0.09934 0.089952
-0.09834 0.0913793
-0.09734 0.0754053
-0.09634 0.0931707
-0.09534 0.105579
-0.09434 0.091868
-0.09334 0.0884213
-0.09234 0.08561
-0.09134 0.107718
-0.09034 0.110405
-0.08934 0.0954287
-0.08834 0.115621
-0.08734 0.118823
-0.08634 0.109498
-0.08534 0.102197
-0.08434 0.107729
-0.08334 0.11066
-0.08234 0.098626
-0.08134 0.0899033
-0.08034 0.0944953
-0.07934 0.0953473
-0.07834 0.108537
-0.07734 0.0924167
-0.07634 0.0941913
-0.07534 0.100167
-0.07434 0.114345
-0.07334 0.102903
-0.07134 0.101128
-0.07034 0.102192
-0.06934 0.0792153
-0.06834 0.0813973
-0.06734 0.100716
-0.06634 0.0820487
-0.06534 0.0845947
-0.06434 0.0955807
-0.06334 0.0947993
-0.06234 0.0611673
-0.06134 0.0706013
-0.06034 0.040644
-0.05934 0.0679793
-0.05834 0.0925627
-0.05734 0.0677127
-0.05634 0.0569447
-0.05534 0.0550113
-0.05434 0.0681373
-0.05334 0.0762087
-0.05234 0.0243633
-0.05134 0.0567107
-0.05034 0.0554047
-0.04934 0.03219
-0.04834 0.021692
-0.04734 -0.00296667
-0.04634 -0.0368593
-0.04534 -0.04946
-0.04434 -0.0947207
-0.04334 -0.103254
-0.04234 -0.040826
-0.04134 -0.045934
-0.04034 -0.094806
-0.03934 -0.0680493
-0.03834 -0.0765187
-0.03734 -0.0489713
-0.03634 -0.0644227
-0.03534 -0.0987193
-0.03434 -0.08725
-0.03334 -0.10807
-0.03234 -0.121615
-0.03134 -0.0623253
-0.03034 -0.0672693
-0.02934 -0.0546207
-0.02834 -0.0449993
-0.02734 -0.0453447
-0.02634 -0.0249813
-0.02534 -0.057382
-0.02434 -0.0869473
-0.02334 -0.0704127
-0.02234 -0.0752973
-0.02134 -0.0870693
-0.02034 -0.114489
-0.01934 -0.07765
-0.01834 -0.100179
-0.01734 -0.115095
-0.01634 -0.105017
-0.01534 -0.133515
-0.01434 -0.163181
-0.01334 -0.130239
-0.01234 -0.103774
-0.01134 -0.101369
-0.01034 -0.0848927
-0.00834 -0.078064
-0.00734 -0.123394
-0.00634 -0.105394
-0.00534 -0.0938873
-0.00434 -0.108251
-0.00334 -0.090972
-0.00234 -0.0710547
-0.00134 -0.0872447
-0.00034 -0.082572
0.00066 -0.0956607
0.00166 -0.0913547
0.00266 -0.095698
0.00366 -0.071724
0.00466 -0.0783773
0.00566 -0.0930007
0.00666 -0.094726
0.00766 -0.098682
0.00866 -0.105367
0.00966 -0.102101
0.01166 -0.0989633
0.01266 -0.101071
0.01366 -0.088774
0.01466 -0.081574
0.01666 -0.064354
0.01766 -0.0698073
0.01866 -0.06566
0.01966 -0.08202
0.02066 -0.083836
0.02166 -0.093388
0.02266 -0.101735
0.02366 -0.103429
0.02466 -0.119991
0.02566 -0.119167
0.02666 -0.114585
0.02866 -0.136727
0.02966 -0.118127
0.03066 -0.125147
0.03166 -0.128163
0.03266 -0.125598
0.03366 -0.121685
0.03466 -0.108303
0.03566 -0.123399
0.03666 -0.133276
0.03766 -0.137545
0.03866 -0.128109
0.03966 -0.136223
0.04066 -0.129129
0.04166 -0.114627
0.04266 -0.115275
0.04366 -0.140741
0.04466 -0.137365
0.04566 -0.137816
0.04666 -0.143306
0.04866 -0.16316
0.04966 -0.162958
0.05066 -0.168937
0.05166 -0.175622
0.05266 -0.192348
0.05366 -0.176604
0.05466 -0.181941
0.05566 -0.187861
0.05666 -0.195805
0.05766 -0.215781
0.05866 -0.218265
0.05966 -0.208277
0.06066 -0.227037
0.06166 -0.224871
0.06266 -0.230197
0.06366 -0.204901
0.06466 -0.20464
0.06566 -0.188663
0.06666 -0.185068
0.06766 -0.185535
0.06866 -0.17362
0.06966 -0.167561
0.07066 -0.17328
0.07166 -0.181441
0.07266 -0.148276
0.07366 -0.156002
0.07466 -0.150013
0.07566 -0.138363
0.07666 -0.148255
0.07766 -0.165199
0.07866 -0.159405
0.07966 -0.149227
0.08066 -0.134795
0.08166 -0.132161
0.08266 -0.134943
0.08366 -0.147363
0.08466 -0.144193
0.08566 -0.127775
0.08766 -0.129479
0.08866 -0.138655
0.08966 -0.131359
0.09066 -0.124971
0.09166 -0.124578
0.09266 -0.143885
0.09366 -0.135363
0.09466 -0.140895
0.09566 -0.136196
0.09666 -0.128247
0.09766 -0.131667
0.09866 -0.132203
0.09966 -0.120951
0.10066 -0.122125
0.10166 -0.119173
0.10266 -0.104884
0.10366 -0.105957
0.10466 -0.0991813
0.10566 -0.10601
0.10666 -0.0950233
0.10766 -0.105415
0.10866 -0.102059
0.10966 -0.114341
0.11066 -0.111245
0.11166 -0.115424
0.11266 -0.099728
0.11366 -0.101677
0.11466 -0.105197
0.11566 -0.113858
0.11666 -0.114845
0.11866 -0.101767
0.11966 -0.113332
0.12066 -0.106413
0.12166 -0.099978
0.12266 -0.0852373
0.12366 -0.083942
0.12466 -0.0883147
0.12566 -0.0833173
0.12666 -0.082458
0.12766 -0.0823673
0.12866 -0.0824627
0.12966 -0.0840653
0.13066 -0.0819387
0.13166 -0.0800493
0.13266 -0.0925247
0.13366 -0.0996887
0.13466 -0.100188
0.13566 -0.0962933
0.13666 -0.0973513
0.13766 -0.110733
0.13866 -0.111806
0.13966 -0.113343
0.14066 -0.10184
0.14166 -0.104107
0.14266 -0.0980413
0.14366 -0.103533
0.14466 -0.0997293
0.14566 -0.114617
0.14766 -0.111675
0.14866 -0.122427
0.14966 -0.121439
0.15066 -0.121122
0.15166 -0.123565
0.15266 -0.111221
0.15366 -0.109367
0.15466 -0.0922527
0.15566 -0.0858787
0.15666 -0.0837373
0.15766 -0.07679
0.15866 -0.0722707
0.15966 -0.0745827
0.16066 -0.0620473
0.16166 -0.0604507
0.16266 -0.0594327
0.16366 -0.0602187
0.16466 -0.061952
0.16566 -0.0563693
0.16666 -0.055226
0.16766 -0.0475627
0.16866 -0.0453207
0.16966 -0.0479353
0.17066 -0.0495827
0.17166 -0.0419953
0.17266 -0.0441367
0.17366 -0.05057
0.17466 -0.0425593
0.17566 -0.0401207
0.17666 -0.04524
0.17766 -0.057644
0.17866 -0.0521373
0.17966 -0.048056
0.18066 -0.04333
0.18166 -0.032936
0.18266 -0.0327147
0.18366 -0.030714
0.18466 -0.030432
0.18566 -0.027958
0.18666 -0.0303867
0.18766 -0.0335813
0.18866 -0.04596
0.18966 -0.0479553
0.19066 -0.0436927
0.19166 -0.0372487
0.19366 -0.0335107
0.19466 -0.0301853
0.19566 -0.0248347
0.19666 -0.026306
0.19766 -0.02488
0.19866 -0.021106
0.19966 -0.013886
0.20066 -0.0144053
0.20166 -0.0119867
0.20266 -0.0147427
0.20366 -0.011342
0.20466 -0.0167633
0.20566 -0.019504
0.20666 -0.0223207
0.20766 -0.0140427
0.20866 -0.0171867
0.20966 -0.0191813
0.21066 -0.0327147
0.21166 -0.0341553
0.21266 -0.0266833
0.21366 -0.0179167
0.21466 -0.0182947
0.21566 -0.0142087
0.21666 -0.009004
0.21766 -0.00761333
0.21866 -0.008596
0.21966 0.00105733
0.22066 0.004196
0.22166 -0.000272667
0.22266 0.006146
0.22366 0.00276533
0.22466 -0.003376
0.22566 0.00542067
0.22666 -0.00185467
0.22766 -0.00880267
0.22866 -0.00785533
0.22966 -0.0158207
0.23066 -0.00249467
0.23166 -0.0191513
0.23266 -0.0140373
0.23366 -0.015206
0.23466 -0.0131907
0.23566 0.000397333
0.23666 0.00156133
0.23766 0.0151293
0.23866 0.0164647
0.23966 0.0194173
0.24066 0.0131647
0.24166 0.0180313
0.24266 0.0271307
0.24366 0.0291613
0.24466 0.0284207
0.24566 0.0221627
0.24666 0.0212107
0.24766 0.0300633
0.24866 0.028914
0.24966 0.03096
0.25166 0.0206613
0.25266 0.0229893
0.25366 0.0314387
0.25466 0.0301787
0.25566 0.02441
0.25666 0.0259267
0.25766 0.0260073
0.25866 0.0190647
0.25966 0.02247
0.26066 0.0270553
0.26166 0.0314333
0.26266 0.0334033
0.26366 0.0301333
0.26466 0.029408
0.26566 0.0205507
0.26666 0.021926
0.26766 0.0276093
0.26866 0.0309953
0.26966 0.031096
0.27066 0.0346733
0.27266 0.036472
0.27366 0.0363607
0.27466 0.0365673
0.27566 0.0285367
0.27766 0.0389307
0.27866 0.0381347
0.27966 0.0382453
0.28066 0.0404573
0.28166 0.0412127
0.28266 0.044266
0.28366 0.0418173
0.28466 0.0453847
0.28566 0.04737
0.28666 0.0406433
0.28866 0.048362
0.28966 0.04021
0.29066 0.025992
0.29166 0.011532
0.29266 0.013124
0.29366 0.0129527
0.29466 0.015744
0.29566 0.00803067
0.29666 0.00448867
0.29766 0.0123687
0.29866 0.01979
0.29966 0.0180367
0.30066 0.000145333
0.30166 0.000815333
0.30266 -0.00610733
0.30366 0.00390933
0.30466 0.00255867
0.30566 0.00961267
0.30666 0.00660933
0.30866 0.0179207
0.30966 0.020616
0.31066 0.0261933
0.31166 0.0268233
0.31266 0.0255587
0.31366 0.0188273
0.31466 0.024944
0.31566 0.021402
0.31666 0.021684
0.31766 0.0269193
0.31866 0.0270653
0.31966 0.0264507
0.32066 0.0296093
0.32166 0.0377467
0.32266 0.0368347
0.32366 0.0376253
0.32466 0.037822
0.32566 0.0407893
0.32666 0.041646
0.32766 0.04281
0.32866 0.045732
0.32966 0.0489113
0.33066 0.0519447
0.33166 0.0494653
0.33266 0.0523927
0.33366 0.0592553
0.33466 0.0557433
0.33566 0.0560807
0.33666 0.0566907
0.33766 0.059724
0.33866 0.0604947
0.33966 0.0571087
0.34066 0.0618047
0.34266 0.0649033
0.34366 0.064666
0.34466 0.0598347
0.34566 0.0618047
0.34666 0.06649
0.34766 0.0670647
0.34866 0.0679613
0.34966 0.074874
0.35066 0.0763047
0.35166 0.0679107
0.35266 0.0728033
0.35366 0.0744707
0.35466 0.0749947
0.35566 0.0756193
0.35666 0.0802853
0.35766 0.0803353
0.35866 0.0661327
0.35966 0.0696847
0.36066 0.0778213
0.36166 0.0672407
0.36266 0.0767887
0.36366 0.0617847
0.36466 0.0578747
0.36566 0.034688
0.36666 0.025362
0.36766 0.0523427
0.36866 0.049884
0.36966 0.059794
0.37066 0.0521967
0.37166 0.041344
0.37266 0.041722
0.37366 0.0340633
0.37466 0.0296247
0.37566 0.004534
0.37666 0.0128927
0.37766 0.004438
0.37866 0.00291667
0.37966 -0.00170333
0.38066 0.017266
0.38166 0.00910867
0.38366 0.00160133
0.38466 0.016636
0.38566 0.0170187
0.38666 -0.00453533
0.38766 -0.012234
0.38866 -0.00400133
0.38966 -0.00671667
0.39066 0.011502
0.39166 0.0140713
0.39266 0.012726
0.39366 0.0269847
0.39466 0.0272973
0.39566 0.0289447
0.39666 0.0300427
0.39766 0.029494
0.39866 0.019568
0.39966 0.019896
0.40066 0.0101867
0.40166 0.00958733
0.40266 0.00923467
0.40366 -0.00864667
0.40466 -0.0150653
0.40566 -0.0178313
0.40666 -0.0209013
0.40866 -0.017092
0.40966 0.00121867
0.41066 0.009266
0.41166 0.013202
0.41266 0.014418
0.41366 0.0242013
0.41466 0.024448
0.41566 0.023954
0.41666 0.00652667
0.41766 0.0102953
0.41866 0.0153307
0.41966 0.00803533
0.42066 0.0214867
0.42166 0.028308
0.42266 0.0350287
0.42366 0.035846
0.42466 0.033192
0.42566 0.031144
0.42666 0.0310627
0.42766 0.0449587
0.42866 0.0424253
0.42966 0.045362
0.43066 0.0449987
0.43166 0.0435707
0.43266 0.0465833
0.43366 0.04295
0.43466 0.0252553
0.43566 0.02133
0.43666 0.02021
0.43766 0.020134
0.43866 0.0270567
0.43966 0.0277027
0.44066 0.0180807
0.44166 0.0142413
0.44266 0.0116273
0.44366 0.00269667
0.44466 0.004004
0.44566 -0.000946
0.44666 0.0100433
0.44766 0.000648667
0.44866 0.000981333
0.44966 0.0179647
0.45066 0.02134
0.45166 0.029862
0.45366 0.0227127
0.45466 0.0258007
0.45566 0.0276827
0.45666 0.0308513
0.45766 0.0362753
0.45866 0.0350993
0.45966 0.038182
0.46066 0.0396553
0.46166 0.0405233
0.46266 0.0502413
0.46366 0.0507353
0.46466 0.0492873
0.46566 0.0441613
0.46666 0.0573507
0.46766 0.054136
0.46866 0.0572093
0.46966 0.0556853
0.47066 0.0525367
0.47166 0.055312
0.47266 0.0500847
0.47366 0.0629813
0.47466 0.06451
0.47566 0.0632387
0.47666 0.0670987
0.47766 0.067356
0.47866 0.0680267
0.47966 0.073072
0.48066 0.0729713
0.48166 0.070852
0.48266 0.076246
0.48366 0.0652413
0.48466 0.0738647
0.48566 0.076438
0.48666 0.075504
0.48766 0.0776033
0.48866 0.077964
0.48966 0.0750853
0.49066 0.0742633
0.49166 0.074566
0.49266 0.0749747
0.49366 0.079248
0.49466 0.0810087
0.49566 0.095656
0.49666 0.096272
0.49766 0.0937893
0.49866 0.0897833
0.49966 0.0904693
0.50066 0.08554
0.50166 0.0795053
0.50266 0.0801313
0.50366 0.0682333
0.50466 0.067192
0.50566 0.0787487
0.50666 0.0802367
0.50766 0.078572
0.50866 0.0690913
0.50966 0.079152
0.51166 0.0728
0.51266 0.070166
0.51366 0.067068
0.51466 0.0837187
0.51566 0.0908273
0.51666 0.0921393
0.51766 0.0908127
0.51866 0.0906107
0.51966 0.0914987
0.52066 0.0913373
0.52166 0.0940213
0.52266 0.0952373
0.52366 0.098436
0.52466 0.0971647
0.52566 0.09995
0.52666 0.0994607
0.52766 0.098542
0.52866 0.102211
0.52966 0.103966
0.53066 0.104899
0.53266 0.103669
0.53366 0.105036
0.53466 0.105692
0.53566 0.104647
0.53666 0.105167
0.53766 0.111383
0.53866 0.112745
0.53966 0.114859
0.54066 0.113154
0.54166 0.111651
0.54266 0.109163
0.54366 0.111459
0.54466 0.117029
0.54566 0.11546
0.54666 0.119159
0.54866 0.122529
0.54966 0.121686
0.55066 0.12152
0.55166 0.124789
0.55266 0.132035
0.55366 0.131813
0.55466 0.132363
0.55566 0.132655
0.55666 0.12158
0.55766 0.126129
0.55866 0.136011
0.55966 0.136131
0.56066 0.137484
0.56166 0.139477
0.56266 0.144109
0.56366 0.148877
0.56466 0.149326
0.56566 0.148619
0.56666 0.151551
0.56766 0.151213
0.56866 0.148443
0.56966 0.152545
0.57066 0.154543
0.57166 0.159417
0.57366 0.147519
0.57466 0.140385
0.57566 0.1379
0.57666 0.14203
0.57766 0.148423
0.57866 0.137201
0.57966 0.137787
0.58066 0.150547
0.58166 0.144659
0.58266 0.139335
0.58366 0.147625
0.58466 0.147539
0.58566 0.132307
0.58666 0.136293
0.58766 0.132877
0.58866 0.123695
0.58966 0.107553
0.59066 0.118306
0.59166 0.123901
0.59266 0.135769
0.59366 0.134575
0.59466 0.139068
0.59566 0.144704
0.59666 0.148039
0.59766 0.146525
0.59866 0.151934
0.59966 0.156707
0.60066 0.154649
0.60166 0.158448
0.60266 0.160002
0.60366 0.159593
0.60466 0.161783
0.60566 0.160633
0.60666 0.15867
0.60766 0.158741
0.60866 0.150905
0.60966 0.151399
0.61066 0.152343
0.61166 0.156122
0.61266 0.146773
0.61366 0.151117
0.61466 0.163569
0.61566 0.167066
0.61766 0.165325
0.61866 0.173025
0.61966 0.179397
0.62066 0.184221
0.62166 0.187369
0.62266 0.187157
0.62366 0.187167
0.62466 0.181572
0.62566 0.172278
0.62666 0.175916
0.62766 0.178979
0.62866 0.184024
0.62966 0.175335
0.63066 0.179728
0.63166 0.17305
0.63266 0.169891
0.63366 0.165305
0.63466 0.170679
0.63566 0.173688
0.63666 0.167469
0.63766 0.158751
0.63866 0.157081
0.63966 0.159644
0.64066 0.160184
0.64166 0.162772
0.64366 0.171319
0.64466 0.152676
0.64566 0.149903
0.64666 0.143417
0.64766 0.139331
0.64866 0.138054
0.64966 0.136596
0.65066 0.141624
0.65166 0.130127
0.65266 0.130198
0.65366 0.138407
0.65466 0.126485
0.65566 0.130768
0.65666 0.133624
0.65766 0.138692
0.65866 0.146001
0.65966 0.140645
0.66066 0.136667
0.66166 0.128972
0.66266 0.136237
0.66366 0.145913
0.66466 0.150761
0.66566 0.160956
0.66666 0.172185
0.66866 0.171325
0.66966 0.175068
0.67066 0.181299
0.67166 0.177147
0.67266 0.167051
0.67366 0.163125
0.67466 0.166107
0.67566 0.162475
0.67666 0.165315
0.67766 0.159011
0.67866 0.172495
0.67966 0.171461
0.68066 0.181627
0.68166 0.178744
0.68266 0.172853
0.68366 0.166753
0.68466 0.153503
0.68566 0.149341
0.68666 0.142883
0.68766 0.142166
0.68866 0.124441
0.68966 0.126429
0.69066 0.0922453
0.69166 0.0963073
0.69266 0.05399
0.69366 0.0826513
0.69466 0.047996
0.69566 0.0762207
0.69666 0.0846013
0.69766 0.09886
0.69866 0.0937287
0.69966 0.094014
0.70066 0.0660387
0.70166 0.05451
0.70266 0.0569767
0.70366 0.0784507
0.70466 0.0880473
0.70566 0.0766547
0.70666 0.085636
0.70766 0.102617
0.70866 0.103997
0.70966 0.107569
0.71066 0.0995713
0.71166 0.082684
0.71366 0.0759533
0.71466 0.094324
0.71566 0.0863873
0.71666 0.066142
0.71766 0.0707413
0.71866 0.0737233
0.71966 0.0831153
0.72066 0.0955453
0.72166 0.100606
0.72266 0.0934007
0.72366 0.0939107
0.72466 0.0749893
0.72566 0.048922
0.72666 0.051432
0.72766 0.0695907
0.72866 0.0793793
0.72966 0.0673933
0.73066 0.076932
0.73166 0.060892
0.73266 0.0436867
0.73366 0.053914
0.73466 0.0626633
0.73566 0.0748887
0.73666 0.0735413
0.73766 0.0955453
0.73866 0.09442
0.73966 0.101257
0.74066 0.098542
0.74166 0.109633
0.74266 0.0931333
0.74366 0.105137
0.74466 0.100308
0.74566 0.102785
0.74666 0.120586
0.74766 0.127575
0.74866 0.113775
0.74966 0.124603
0.75066 0.147237
0.75166 0.148741
0.75266 0.130334
0.75366 0.110531
0.75466 0.122403
0.75566 0.136298
0.75666 0.132216
0.75766 0.137893
0.75866 0.144679
0.75966 0.118729
0.76066 0.126253
0.76166 0.143579
0.76266 0.138599
0.76366 0.139744
0.76466 0.127039
0.76566 0.118049
0.76666 0.119744
0.76766 0.103154
0.76866 0.0995813
0.76966 0.0838367
0.77166 0.0821187
0.77266 0.101534
0.77366 0.103709
0.77466 0.136379
0.77566 0.134669
0.77666 0.134628
0.77766 0.139855
0.77866 0.143342
0.77966 0.146425
0.78066 0.13318
0.78166 0.145617
0.78266 0.134759
0.78366 0.130329
0.78466 0.121565
0.78566 0.124587
0.78666 0.124426
0.78766 0.117751
0.78866 0.140239
0.78966 0.140516
0.79066 0.144643
0.79166 0.152933
0.79366 0.152757
0.79466 0.143427
0.79566 0.152469
0.79666 0.147837
0.79866 0.159825
0.79966 0.161228
0.80066 0.161047
0.80166 0.157328
0.80266 0.159513
0.80366 0.164165
0.80466 0.163297
0.80566 0.164735
0.80666 0.161471
0.80866 0.165471
0.80966 0.17193
0.81066 0.174932
0.81166 0.181365
0.81266 0.180588
0.81366 0.178383
0.81466 0.183797
0.81566 0.182309
0.81666 0.177364
0.81766 0.176915
0.81866 0.175527
0.81966 0.181097
0.82066 0.180361
0.82166 0.190815
0.82266 0.189675
0.82366 0.19188
0.82466 0.192263
0.82566 0.192697
0.82666 0.186749
0.82766 0.191603
0.82866 0.191885
0.82966 0.185397
0.83066 0.193605
0.83166 0.196658
0.83366 0.197713
0.83466 0.195911
0.83566 0.198979
0.83666 0.198863
0.83766 0.198767
0.83866 0.200341
0.83966 0.196805
0.84066 0.198687
0.84166 0.198505
0.84266 0.197521
0.84366 0.183943
0.84466 0.189155
0.84566 0.193863
0.84666 0.194801
0.84766 0.197314
0.84866 0.211845
0.84966 0.21294
0.85066 0.216851
0.85166 0.215508
0.85266 0.215942
0.85366 0.211346
0.85466 0.208308
0.85566 0.203076
0.85666 0.205382
0.85766 0.216109
0.85866 0.213182
0.85966 0.208414
0.86066 0.209721
0.86166 0.214136
0.86266 0.217633
0.86366 0.213303
0.86466 0.204983
0.86566 0.204009
0.86766 0.195306
0.86866 0.181062
0.86966 0.187026
0.87066 0.199105
0.87166 0.189973
0.87266 0.194761
0.87366 0.207703
0.87466 0.202183
0.87566 0.197607
0.87666 0.201951
0.87766 0.195145
0.87866 0.200104
0.87966 0.206048
0.88066 0.213641
0.88166 0.215221
0.88266 0.214242
0.88366 0.218621
0.88466 0.217905
0.88566 0.213773
0.88666 0.202551
0.88766 0.200569
0.88866 0.195473
0.88966 0.189004
0.89066 0.190336
0.89166 0.18804
0.89266 0.17969
0.89366 0.175467
0.89466 0.173237
0.89566 0.162833
0.89666 0.157959
0.89766 0.166965
0.89866 0.166854
0.89966 0.16641
0.90066 0.16865
0.90166 0.163655
0.90366 0.172046
0.90466 0.161324
0.90566 0.159563
0.90666 0.141238
0.90766 0.140097
0.90866 0.141863
0.90966 0.160986
0.91066 0.164064
0.91166 0.17028
0.91266 0.160749
0.91366 0.171587
0.91466 0.166425
0.91566 0.176794
0.91666 0.184478
0.91766 0.182788
0.91866 0.189155
0.91966 0.188293
0.92066 0.171571
0.92166 0.176052
0.92266 0.166844
0.92366 0.168978
0.92466 0.175134
0.92566 0.173484
0.92666 0.192006
0.92766 0.191426
0.92866 0.196255
0.93066 0.193111
0.93166 0.184831
0.93266 0.182419
0.93366 0.176875
0.93466 0.173635
0.93566 0.171551
0.93666 0.185139
0.93766 0.181814
0.93866 0.187036
0.93966 0.193913
0.94066 0.196224
0.94166 0.188171
0.94266 0.181431
0.94366 0.174488
0.94466 0.178403
0.94566 0.192529
0.94666 0.205044
0.94766 0.204867
0.94866 0.200579
0.94966 0.198071
0.95066 0.191925
0.95166 0.206411
0.95266 0.207834
0.95366 0.21124
0.95466 0.211709
0.95566 0.211013
0.95666 0.213863
0.95766 0.211295
0.95866 0.211476
0.95966 0.210985
0.96066 0.216674
0.96166 0.218347
0.96266 0.218109
0.96366 0.213572
0.96466 0.211517
0.96566 0.203831
0.96666 0.210531
0.96766 0.208311
0.96866 0.206866
0.96966 0.207165
0.97066 0.200047
0.97166 0.206056
0.97366 0.202396
0.97466 0.203165
0.97566 0.219467
0.97666 0.220443
0.97766 0.216953
0.97866 0.221557
0.97966 0.222223
0.98066 0.235991
0.98166 0.239558
0.98266 0.236873
0.98366 0.237643
0.98466 0.238531
0.98566 0.239795
0.98666 0.238631
0.98766 0.237261
0.98866 0.230503
0.98966 0.227567
0.99066 0.232398
0.99166 0.229142
0.99266 0.234341
0.99366 0.232157
0.99466 0.232974
0.99566 0.238357
0.99666 0.240677
0.99766 0.23891
0.99866 0.231569
0.99966 0.222998
1.00066 0.221759
1.00166 0.221923
1.00266 0.228282
1.00366 0.236785
1.00466 0.237133
1.00566 0.236596
1.00666 0.222901
1.00766 0.223059
1.00866 0.206835
1.00966 0.205156
1.01066 0.206912
1.01166 0.207147
1.01466 0.206431
1.01566 0.215508
1.01666 0.206211
1.01766 0.207496
1.01866 0.216379
1.01966 0.195515
1.02066 0.187421
1.02166 0.187693
1.02266 0.187672
1.02366 0.183745
1.02466 0.171397
1.02566 0.169492
1.02666 0.172554
1.02766 0.186397
1.02866 0.185901
1.02966 0.189126
1.03166 0.200645
1.03266 0.197825
1.03366 0.191875
1.03466 0.199007
1.03566 0.201455
1.03666 0.201705
1.03766 0.197707
1.03866 0.196785
1.03966 0.202299
1.04066 0.204936
1.04166 0.210342
1.04266 0.211325
1.04366 0.216563
1.04466 0.216363
1.04566 0.211381
1.04666 0.209001
1.04766 0.215693
1.04866 0.223397
1.04966 0.216798
1.05066 0.220781
1.05166 0.212723
1.05266 0.209272
1.05466 0.207639
1.05566 0.206421
1.05666 0.195874
1.05766 0.206943
1.05966 0.227503
1.06066 0.226091
1.06166 0.229014
1.06266 0.225619
1.06366 0.221923
1.06466 0.226034
1.06566 0.231415
1.06666 0.232562
1.06766 0.233821
1.06866 0.235659
1.06966 0.234082
1.07066 0.239735
1.07166 0.243313
1.07366 0.247481
1.07466 0.251955
1.07566 0.255022
1.07666 0.259732
1.07766 0.258795
1.07866 0.263628
1.07966 0.260695
1.08066 0.257372
1.08166 0.267319
1.08266 0.258672
1.08366 0.265287
1.08466 0.265768
1.08566 0.262937
1.08666 0.266198
1.08766 0.264749
1.08866 0.267913
1.08966 0.265527
1.09066 0.264893
1.09166 0.265451
1.09366 0.269045
1.09466 0.261836
1.09566 0.258708
1.09666 0.266705
1.09766 0.252278
1.09866 0.260009
1.09966 0.271691
1.10066 0.270299
1.10166 0.272644
1.10266 0.275188
1.10366 0.283585
1.10466 0.286416
1.10566 0.288633
1.10666 0.293138
1.10766 0.296486
1.10866 0.296671
1.10966 0.297019
1.11066 0.302609
1.11166 0.300941
1.11266 0.296804
1.11366 0.297055
1.11466 0.300782
1.11566 0.294766
1.11666 0.300802
1.11766 0.296517
1.11866 0.303977
1.11966 0.301744
1.12066 0.305236
1.12266 0.304857
1.12366 0.310801
1.12466 0.303357
1.12566 0.307074
1.12666 0.30435
1.12766 0.307565
1.12866 0.311564
1.12966 0.320149
1.13066 0.324343
1.13166 0.324337
1.13266 0.306613
1.13366 0.317119
1.13466 0.307906
1.13566 0.302476
1.13666 0.303167
1.13766 0.304478
1.13866 0.314631
1.13966 0.311753
1.14066 0.313387
1.14166 0.31417
1.14266 0.32125
1.14366 0.322653
1.14466 0.313397
1.14566 0.322105
1.14666 0.331597
1.14766 0.331259
1.14866 0.33708
1.14966 0.340341
1.15066 0.338841
1.15166 0.341233
1.15266 0.339445
1.15366 0.347683
1.15466 0.351713
1.15566 0.348881
1.15666 0.35696
1.15766 0.355685
1.15866 0.359172
1.15966 0.353811
1.16066 0.352967
1.16166 0.35354
1.16366 0.360626
1.16466 0.35352
1.16566 0.354969
1.16666 0.341038
1.16766 0.350269
1.16866 0.345169
1.16966 0.330706
1.17066 0.336041
1.17166 0.349875
1.17266 0.349239
1.17366 0.341468
1.17466 0.333015
1.17566 0.345072
1.17666 0.338012
1.17766 0.345323
1.17866 0.354549
1.17966 0.340813
1.18066 0.317221
1.18166 0.31996
1.18266 0.310637
1.18366 0.317354
1.18466 0.327343
1.18566 0.334966
1.18666 0.327307
1.18766 0.331664
1.18866 0.328827
1.18966 0.33257
1.19166 0.342389
1.19266 0.348313
1.19366 0.353356
1.19466 0.352777
1.19566 0.364061
1.19666 0.364287
1.19766 0.365617
1.19866 0.363457
1.19966 0.364701
1.20066 0.369903
1.20166 0.369583
1.20266 0.369703
1.20366 0.371183
1.20466 0.369483
1.20566 0.370374
1.20666 0.370589
1.20766 0.368131
1.20866 0.368039
1.20966 0.366636
1.21066 0.375201
1.21166 0.377224
1.21266 0.374142
1.21366 0.367916
1.21466 0.364711
1.21566 0.366555
1.21666 0.361701
1.21766 0.361312
1.21866 0.363401
1.21966 0.355844
1.22066 0.340813
1.22166 0.338765
1.22266 0.334049
1.22366 0.333533
1.22466 0.326503
1.22566 0.330916
1.22666 0.334034
1.22766 0.329764
1.22866 0.318409
1.22966 0.321634
1.23066 0.32273
1.23166 0.320687
1.23366 0.322264
1.23466 0.328725
1.23566 0.329165
1.23666 0.328167
1.23766 0.337541
1.23866 0.346071
1.23966 0.355107
1.24066 0.353376
1.24166 0.358404
1.24266 0.366319
1.24366 0.368649
1.24466 0.378463
1.24566 0.37577
1.24666 0.363406
1.24766 0.360092
1.24866 0.355639
1.24966 0.351551
1.25066 0.35522
1.25166 0.350549
1.25266 0.341978
1.25366 0.346113
1.25466 0.342209
1.25566 0.333099
1.25666 0.338172
1.25766 0.329083
1.25866 0.318435
1.25966 0.320199
1.26066 0.341738
1.26166 0.349141
1.26266 0.353417
1.26366 0.344534
1.26466 0.358255
1.26566 0.35811
1.26666 0.359977
1.26766 0.35948
1.26866 0.364511
1.26966 0.360889
1.27066 0.367281
1.27166 0.371352
1.27266 0.371262
1.27366 0.37869
1.27466 0.374584
1.27566 0.369717
1.27666 0.37437
1.27766 0.375941
1.27866 0.374548
1.27966 0.383125
1.28066 0.372932
1.28166 0.384119
1.28266 0.38554
1.28366 0.383378
1.28466 0.388109
1.28566 0.391748
1.28666 0.397447
1.28766 0.398401
1.28866 0.397802
1.28966 0.393388
1.29066 0.400666
1.29166 0.404318
1.29266 0.404836
1.29366 0.404853
1.29466 0.406489
1.29666 0.405761
1.29766 0.400585
1.29866 0.394308
1.29966 0.392651
1.30066 0.388101
1.30166 0.401347
1.30266 0.401702
1.30366 0.398209
1.30466 0.389569
1.30566 0.382629
1.30666 0.383691
1.30766 0.392305
1.30866 0.391684
1.30966 0.411198
1.31066 0.411939
1.31166 0.414743
1.31266 0.419641
1.31366 0.423837
1.31566 0.431992
1.31666 0.431894
1.31766 0.433619
1.31866 0.438444
1.32066 0.429423
1.32166 0.431333
1.32266 0.42834
1.32366 0.435396
1.32466 0.430849
1.32566 0.429651
1.32666 0.429137
1.32766 0.417196
1.32866 0.424924
1.32966 0.432129
1.33066 0.427801
1.33166 0.430571
1.33366 0.427629
1.33466 0.424889
1.33566 0.413157
1.33666 0.391941
1.33766 0.389192
1.33866 0.395237
1.33966 0.382586
1.34066 0.389907
1.34166 0.379923
1.34266 0.358187
1.34366 0.363016
1.34466 0.362682
1.34566 0.375235
1.34666 0.386272
1.34766 0.386786
1.34866 0.399651
1.34966 0.397596
1.35066 0.401839
1.35166 0.410293
1.35366 0.408693
1.35466 0.402704
1.35566 0.408882
1.35666 0.406887
1.35766 0.413809
1.35866 0.411977
1.35966 0.413227
1.36066 0.418177
1.36166 0.421447
1.36266 0.411202
1.36366 0.426392
1.36466 0.424012
1.36566 0.428126
1.36666 0.430181
1.36766 0.427912
1.36866 0.423417
1.36966 0.422672
1.37066 0.407259
1.37166 0.404378
1.37266 0.416481
1.37366 0.422413
1.37466 0.414811
1.37566 0.42207
1.37666 0.420185
1.37766 0.418446
1.37866 0.424525
1.37966 0.417933
1.38066 0.417615
1.38166 0.421537
1.38266 0.430511
1.38366 0.435507
1.38466 0.4382
1.38566 0.43817
1.38666 0.427514
1.38766 0.416391
1.38866 0.417076
1.38966 0.429145
1.39066 0.411348
1.39166 0.401783
1.39266 0.411549
1.39366 0.417504
1.39466 0.428323
1.39566 0.427236
1.39766 0.42995
1.39866 0.434291
1.39966 0.433443
1.40066 0.433443
1.40166 0.424097
1.40266 0.429916
1.40366 0.435691
1.40466 0.438723
1.40566 0.437258
1.40666 0.434193
1.40766 0.43537
1.40866 0.426735
1.40966 0.434569
1.41066 0.436731
1.41166 0.438889
1.41266 0.446365
1.41366 0.447696
1.41466 0.440931
1.41566 0.429787
1.41666 0.432754
1.41766 0.434124
1.41866 0.424954
1.41966 0.435537
1.42066 0.436205
1.42166 0.440418
1.42366 0.445033
1.42466 0.442212
1.42566 0.446583
1.42666 0.447811
1.42766 0.449575
1.42866 0.448156
1.42966 0.449169
1.43066 0.455741
1.43166 0.461619
1.43266 0.462873
1.43366 0.463061
1.43466 0.456259
1.43566 0.448946
1.43666 0.451716
1.43766 0.452067
1.43866 0.453899
1.43966 0.460441
1.44066 0.461431
1.44166 0.463139
1.44266 0.462484
1.44366 0.454542
1.44466 0.457834
1.44566 0.456409
1.44666 0.456789
1.44766 0.455107
1.44866 0.463738
1.44966 0.465083
1.45066 0.471217
1.45266 0.468281
1.45366 0.460441
1.45466 0.465707
1.45566 0.461005
1.45666 0.462921
1.45766 0.470361
1.45866 0.470712
1.45966 0.47588
1.46066 0.465121
1.46166 0.473345
1.46266 0.470115
1.46366 0.474236
1.46466 0.472442
1.46566 0.472253
1.46666 0.464038
1.46766 0.465506
1.46866 0.460807
1.46966 0.458691
1.47066 0.437553
1.47166 0.432891
1.47266 0.437952
1.47366 0.428631
1.47466 0.429556
1.47566 0.424551
1.47666 0.436929
1.47766 0.437999
1.47866 0.437369
1.47966 0.443453
1.48066 0.447572
1.48166 0.444194
1.48266 0.455916
1.48366 0.461306
1.48466 0.465275
1.48566 0.469299
1.48666 0.466748
1.48766 0.471791
1.48866 0.47378
1.48966 0.474801
1.49066 0.471971
1.49166 0.47323
1.49366 0.471171
1.49466 0.471885
1.49566 0.471305
1.49666 0.475824
1.49766 0.474095
1.49866 0.467591
1.49966 0.471247
1.50066 0.469933
1.50166 0.465834
1.50266 0.468743
1.50366 0.475465
1.50466 0.477123
1.50566 0.484399
1.50666 0.485316
1.50766 0.478179
1.50866 0.470391
1.50966 0.480671
1.51066 0.463053
1.51166 0.47421
1.51266 0.471415
1.51366 0.469527
1.51466 0.453647
1.51566 0.453403
1.51666 0.467313
1.51766 0.466127
1.51866 0.447959
1.51966 0.466281
1.52066 0.44395
1.52166 0.436273
1.52266 0.421405
1.52366 0.421013
1.52466 0.409449
1.52566 0.407816
1.52666 0.425361
1.52766 0.426645
1.52866 0.440987
1.52966 0.430755
1.53066 0.445193
1.53166 0.453694
1.53266 0.454529
1.53366 0.46705
1.53466 0.464954
1.53566 0.479695
1.53666 0.492701
1.53766 0.491083
1.53866 0.492256
1.53966 0.498969
1.54066 0.503631
1.54166 0.504929
1.54266 0.507583
1.54366 0.50766
1.54466 0.50748
1.54566 0.510186
1.54666 0.508983
1.54766 0.50985
1.54866 0.512521
1.54966 0.512382
1.55066 0.5146
1.55166 0.520671
1.55266 0.521193
1.55366 0.520996
1.55466 0.52185
1.55666 0.521883
1.55766 0.518453
1.55866 0.525303
1.55966 0.527508
1.56066 0.526673
1.56166 0.530586
1.56266 0.523499
1.56366 0.52008
1.56466 0.50221
1.56566 0.506423
1.56666 0.485389
1.56766 0.478723
1.56866 0.471258
1.56966 0.490458
1.57066 0.518543
1.57166 0.52032
1.57266 0.530629
1.57366 0.534945
1.57466 0.535347
1.57666 0.536914
1.57766 0.535882
1.57866 0.532205
1.57966 0.521538
1.58166 0.522199
1.58266 0.50011
1.58366 0.491443
1.58466 0.505635
1.58566 0.527191
1.58666 0.515825
1.58766 0.509389
1.58866 0.507579
1.58966 0.495139
1.59066 0.488047
1.59166 0.500771
1.59366 0.501015
1.59466 0.503619
1.59566 0.520932
1.59666 0.511507
1.59766 0.511913
1.59866 0.492481
1.59966 0.479425
1.60066 0.494457
1.60166 0.477663
1.60266 0.490736
1.60366 0.511093
1.60466 0.511535
1.60566 0.525659
1.60666 0.521619
1.60766 0.515281
1.60866 0.524584
1.60966 0.524143
1.61066 0.531492
1.61166 0.534623
1.61366 0.536505
1.61466 0.535323
1.61566 0.532385
1.61666 0.542696
1.61766 0.541123
1.61866 0.547279
1.61966 0.548305
1.62066 0.547628
1.62166 0.54218
1.62266 0.552575
1.62366 0.546891
1.62466 0.539793
1.62566 0.542381
1.62666 0.523785
1.62766 0.533048
1.62866 0.510863
1.62966 0.509026
1.63066 0.526348
1.63166 0.516621
1.63266 0.531828
1.63366 0.523272
1.63466 0.538413
1.63566 0.530602
1.63666 0.541843
1.63766 0.541069
1.63866 0.534076
1.63966 0.514569
1.64066 0.511882
1.64166 0.514177
1.64266 0.531754
1.64366 0.518408
1.64466 0.513212
1.64566 0.517549
1.64766 0.52539
1.64866 0.525028
1.64966 0.526834
1.65066 0.530582
1.65166 0.537177
1.65266 0.531803
1.65366 0.53578
1.65466 0.540841
1.65566 0.540385
1.65666 0.521753
1.65766 0.535662
1.65866 0.529973
1.65966 0.535885
1.66066 0.537246
1.66166 0.538676
1.66266 0.535865
1.66366 0.540676
1.66466 0.535702
1.66566 0.522701
1.66666 0.534937
1.66766 0.538027
1.66866 0.528547
1.66966 0.522799
1.67066 0.528271
1.67166 0.546074
1.67266 0.540345
1.67366 0.537882
1.67466 0.537366
1.67566 0.550149
1.67666 0.551504
1.67766 0.553259
1.67866 0.554159
1.67966 0.55236
1.68066 0.552383
1.68166 0.548801
1.68366 0.536103
1.68466 0.544199
1.68566 0.541741
1.68666 0.534045
1.68766 0.536025
1.68866 0.534129
1.68966 0.538418
1.69066 0.527039
1.69166 0.523297
1.69266 0.51777
1.69366 0.517603
1.69466 0.53336
1.69566 0.535958
1.69666 0.526589
1.69766 0.519411
1.69866 0.526965
1.69966 0.529049
1.70066 0.541056
1.70166 0.534397
1.70266 0.541319
1.70366 0.542938
1.70466 0.531071
1.70566 0.526024
1.70666 0.529779
1.70766 0.506423
1.70866 0.507967
1.70966 0.517194
1.71066 0.515341
1.71266 0.512239
1.71366 0.518461
1.71466 0.501028
1.71566 0.503241
1.71666 0.517361
1.71766 0.531845
1.71866 0.536905
1.71966 0.536678
1.72066 0.54135
1.72166 0.539097
1.72266 0.540027
1.72366 0.527953
1.72466 0.523403
1.72566 0.515461
1.72666 0.504569
1.72766 0.496039
1.72866 0.508685
1.72966 0.516759
1.73066 0.516399
1.73166 0.512657
1.73266 0.506547
1.73366 0.503379
1.73466 0.502698
1.73566 0.49465
1.73666 0.491559
1.73766 0.507678
1.73866 0.493523
1.73966 0.493501
1.74066 0.493883
1.74166 0.498493
1.74266 0.503012
1.74366 0.500756
1.74466 0.489915
1.74566 0.466046
1.74666 0.43065
1.74766 0.391423
1.74866 0.377763
1.74966 0.419034
1.75066 0.443651
1.75166 0.442867
1.75266 0.435202
1.75366 0.40389
1.75466 0.423425
1.75566 0.424984
1.75666 0.406825
1.75866 0.432845
